#dataset d = {2,3,4} //default : 2 else define

curve_1  2  (1.11,2.3)(3.12,5.8)
curve_2  3  (10.59,11.5)  (12.00,13.5)     (3.1,3.1)
curve_3  4  (1.0,1.0)     (1.0,1.0)        (1.0,1.0)    (1.0,1.0)
curve_4  5  (3.0,5.0)     (4.0,8.0)        (10.0,10.0)   (20.0,20.0) (30.0,30.0)
curve_5  2  (6.7,4.9)     (2.9,4.6)
curve_6  3  (9.0,9.0)     (15.15,15.15)    (10.0,10.0)
curve_7  4  (1.0,1.0)     (5.0,7.0)        (5.0,5.0)    (10.0,10.0)
curve_8  4  (5.5,10.0)     (6.5,7.0)        (5.5,12.0)    (10.0,30.0)
curve_9  4  (1.0,1.0)     (5.0,7.0)        (5.0,5.0)    (10.0,10.0)
curve_10 3  (010.0,11.0)   (12.00,13.5)     (8.1,8.1)
 
